0.976817
0.616162
0.492554
0.556584
0.562365
0.541964
0.509410
0.564584
0.605662
0.473370
0.426025
0.350073
0.305808
0.300830
0.362574
0.345735
0.325634
0.277809
0.264771
0.278349
0.295666
0.269115
0.262415
0.241412
0.237228
0.227539
0.228500
0.230674
0.224557
0.207979
0.193806
0.219775
0.213695
0.239790
0.233759
0.204082
0.193866
0.199353
0.201666
0.213061
0.243875
0.205177
0.199929
0.196539
0.199347
0.192048
0.198242
0.193656
0.202745
0.213573
0.193280
0.203596
0.204300
0.219089
0.221368
0.229634
0.245356
0.250932
0.262593
0.257721
0.226503
0.219345
0.204925
0.199686
0.181791
0.168613
0.195459
0.191353
0.188002
0.166095
0.177342
0.193532
0.205431
0.209986
0.166681
0.172482
0.173356
0.132396
0.131712
0.115515
0.119604
0.118023
0.116088
0.115178
0.112901
0.117910
0.105767
0.100142
0.101469
0.089412
0.116767
0.124929
0.132719
0.127306
0.129055
0.136960
0.156606
0.147528
0.129885
0.116538
0.141199
0.140668
0.149545
0.138701
0.137687
0.138953
0.144485
0.139340
0.138376
0.131853
0.137907
0.137624
0.128796
0.132686
0.135715
0.123494
0.116435
0.123582
0.130163
0.131122
0.134579
0.140559
0.137457
0.139922
0.137406
0.141109
0.138887
0.146942
0.133956
0.146071
0.141441
0.144560
0.148731
0.133708
0.108395
0.106446
0.107378
0.107803
0.114987
0.112438
0.110719
0.137513
0.145487
0.166570
0.129198
0.130441
0.099932
0.098896
0.091327
0.074393
0.076735
0.092236
0.102938
0.113706
0.097881
0.109411
0.136032
0.153539
0.133655
0.166633
0.183266
0.192889
0.194025
0.194769
0.193860
0.226598
0.218926
0.237002
0.220110
0.238709
0.258341
0.262506
0.274257
0.261379
0.270453
0.261909
0.276142
0.215406
0.196775
0.212771
0.217618
0.220083
0.200886
0.178105
0.180522
0.178574
0.182421
0.154165
0.139613
0.153826
0.163385
0.136542
0.136503
0.137406
0.121972
0.103112
0.094656
0.104469
0.091707
0.094110
0.104974
0.126246
0.153617
0.158724
0.136490
0.138878
0.136853
0.129522
0.123986
0.088797
0.085076
0.084721
0.090708
0.076435
0.060394
0.062852
0.063946
0.064450
0.071279
0.064852
0.067876
0.061632
0.052132
0.050500
0.046931
0.046234
0.051673
0.050328
0.045531
0.043688
0.043710
0.039508
0.035468
0.030841
0.030639
0.028969
0.030236
0.032291
0.029980
0.025455
0.026032
0.024671
0.023320
0.024095
0.023452
0.022420
0.020357
0.019600
0.021437
0.019570
0.021285
0.022202
0.023105
0.022722
0.024134
0.022805
0.021922
0.020438
0.021883
0.021858
0.021485
0.021567
0.020165
0.018569
0.020146
0.021507
0.022741
0.019289
0.016777
0.015139
0.016846
0.019873
0.019315
0.017913
0.018008
0.016416
0.015984
0.014464
0.015106
0.015823
0.017048
0.017067
0.015934
0.015763
0.014495
0.014290
0.014428
0.015533
0.015476
0.016505
0.016346
0.014829
0.015432
0.014462
0.014607
0.015477
0.015949
0.015609
0.016541
0.016161
0.017416
0.018052
0.018393
0.018815
0.019939
0.019400
0.018278
0.020306
0.020886
0.021786
0.018914
0.018068
0.019491
0.019274
0.018517
0.018974
0.019481
0.020479
0.018001
0.017240
0.018955
0.019116
0.018417
0.016448
0.015334
0.013973
0.013677
0.014278
0.013526
0.013094
0.012655
0.012959
0.010652
0.010401
0.010277
0.009915
0.011403
0.011901
0.011144
0.011261
0.010041
0.010960
0.011892
0.010401
0.010346
0.010173
0.010149
0.010200
0.010764
0.009834
0.010429
0.010900
0.010873
0.011181
0.010167
0.010476
0.010055
0.009802
0.009915
0.010027
0.009967
0.010410
0.010220
0.010666
0.010748
