4.34
3.80
3.48
3.81
4.04
3.65
4.16
4.69
4.17
4.07
3.66
3.45
3.09
2.93
3.43
3.79
3.50
3.17
3.06
3.00
3.11
3.10
3.14
3.14
3.22
2.92
3.14
3.20
3.22
2.92
2.55
2.89
2.89
3.24
2.92
2.56
2.57
2.38
2.34
2.48
2.06
2.10
2.44
2.44
2.44
2.43
2.52
2.53
2.59
2.86
2.48
2.64
2.57
2.78
2.85
2.83
2.79
2.75
2.86
2.84
2.64
2.65
2.83
2.59
2.39
2.20
2.53
2.59
2.74
2.47
2.77
2.79
2.89
2.98
2.75
2.96
3.25
2.92
3.13
3.01
3.16
2.81
2.72
3.12
3.25
3.69
3.33
3.57
3.91
3.54
3.56
3.68
3.71
2.98
2.83
2.57
2.66
2.62
2.51
2.26
2.59
2.38
2.54
2.41
2.35
2.57
2.63
1.94
1.71
1.58
1.59
1.63
1.75
1.81
1.65
1.59
1.56
1.31
1.58
1.74
1.67
0.866589
0.933839
0.871213
0.896457
0.842733
0.823401
0.914686
0.947170
0.874804
0.707177
0.646293
0.573553
0.599292
0.498475
0.481775
0.466613
0.432556
0.478940
0.472889
0.500589
0.585521
0.618907
0.665640
0.530168
0.558062
0.436034
0.464599
0.421945
0.331416
0.352863
0.417240
0.455284
0.442501
0.375625
0.399461
0.564284
0.629438
0.594016
0.694309
0.736626
0.587682
0.512924
0.530196
0.520005
0.537892
0.603661
0.637028
0.628074
0.611519
0.675433
0.702998
0.798535
0.704395
0.639323
0.687254
0.727534
0.723567
0.774487
0.780921
0.713226
0.741782
0.902977
0.731029
0.902614
0.899019
1.06
0.958541
0.956615
0.804191
0.701361
0.503212
0.433982
0.393194
0.300903
0.259862
0.228613
0.233314
0.235455
0.211511
0.276642
0.244352
0.320016
0.260071
0.231793
0.225178
0.207667
0.226983
0.202912
0.203506
0.184951
0.208725
0.225084
0.226391
0.203322
0.223414
0.223675
0.225466
0.243337
0.233968
0.253667
0.256964
0.228225
0.229628
0.217948
0.192489
0.186488
0.199447
0.200178
0.169920
0.166729
0.179998
0.199849
0.183958
0.199504
0.242045
0.243008
0.257540
0.218179
0.250494
0.272217
0.246147
0.139997
0.128776
0.098063
0.085743
0.076408
0.076383
0.074158
0.068777
0.072001
0.059932
0.052962
0.057819
0.055506
0.062184
0.065524
0.059757
0.068486
0.071014
0.061650
0.074916
0.090536
0.066343
0.058340
0.034463
0.032677
