1616.99
1427.38
1320.00
1411.84
1464.63
1329.16
1430.71
1498.49
1580.16
1560.16
1435.36
1462.06
1381.81
1380.36
1541.63
1621.17
1722.93
1571.39
1634.00
1651.86
1302.23
1175.06
1220.78
1172.43
1260.95
1197.43
909.16
1202.17
1269.79
1346.73
1381.82
1346.97
1001.64
651.77
622.31
615.24
602.68
630.31
619.91
635.35
587.32
527.68
438.30
449.37
458.45
420.47
369.54
338.30
332.11
326.59
315.90
330.67
323.50
326.75
330.90
339.27
373.65
313.70
315.26
322.42
321.54
314.15
315.47
320.20
313.22
342.76
360.09
363.60
355.44
358.42
404.20
421.79
415.87
433.38
436.64
447.66
456.71
441.86
445.36
419.65
428.80
415.31
417.92
475.83
526.74
480.64
422.09
438.90
424.49
369.49
504.22
509.47
539.03
537.19
546.48
584.73
654.37
636.85
541.28
514.90
608.26
578.27
621.96
588.40
576.25
549.32
596.13
619.70
625.89
641.88
627.06
670.03
690.96
596.19
723.70
772.42
697.04
458.67
301.02
297.97
298.19
296.10
316.29
327.82
275.88
305.21
345.28
321.35
223.76
212.18
231.11
362.18
448.49
382.38
294.60
346.36
385.14
410.56
386.65
417.10
407.08
441.35
412.58
555.89
