17500.00
16919.80
15427.40
15168.40
16523.30
17802.90
14266.10
11923.40
11685.70
11315.40
11082.70
10978.30
10198.60
9906.79
10077.40
9823.43
9352.72
8789.04
8241.71
8074.02
8232.38
8077.95
8205.74
8039.07
7766.03
7697.21
7853.57
7323.24
6634.76
6561.48
5938.25
6295.45
6618.61
7173.73
7446.83
7141.38
7023.10
7403.22
7404.52
7164.48
7087.53
6777.77
6440.97
6132.02
6114.85
5754.44
5787.82
5899.74
5747.95
5524.60
5935.52
6006.00
6036.66
5996.79
5708.11
5583.74
5603.82
5741.58
5687.57
5835.96
5643.53
5464.16
4829.58
4789.25
4776.21
4614.52
4429.67
4369.35
4324.46
4229.88
4319.37
4408.46
4395.81
4341.05
4166.11
4171.62
4197.13
3892.94
3928.41
3681.58
3796.15
3629.92
3628.02
3901.47
3916.36
4073.79
3591.09
3606.28
3637.75
3166.30
3875.37
4131.98
4168.88
4122.47
4229.34
4229.81
4605.16
4589.14
4376.59
4228.29
4591.63
4585.27
4901.42
4701.76
4555.59
4570.36
4389.21
4384.45
4345.10
4372.06
4332.82
4137.60
4089.01
3998.35
4090.48
4189.31
4137.75
4324.34
4384.44
4200.34
4326.99
4066.10
3880.04
3650.63
3373.82
3341.84
3420.40
3370.22
3212.78
3257.61
2897.63
2806.93
2709.56
2727.13
2871.30
2763.24
2724.39
2807.02
2679.73
2538.71
2577.77
2757.50
2732.70
2808.10
2668.63
2838.41
2269.89
2323.08
2233.52
1932.62
1991.98
2230.12
2360.59
2402.70
2332.77
2385.89
2525.25
2572.61
2520.27
2608.59
2608.10
2602.87
2561.00
2498.56
2436.40
2492.60
2539.24
2567.56
2553.03
2478.45
2590.57
2607.25
2738.52
2707.34
2691.03
2709.43
2591.26
2549.03
2655.35
2514.01
2469.57
2499.58
2716.88
2680.91
2953.22
2942.41
2828.14
2807.44
2720.49
2869.38
2690.84
2512.40
2547.79
2493.72
2404.03
2288.33
2187.19
2255.36
2159.43
2054.08
2196.27
2320.89
2446.24
2321.37
2191.56
2043.19
2067.03
1984.24
1897.37
1818.70
1726.73
1741.70
1808.44
1800.86
1723.12
1845.76
1780.37
1756.52
1723.89
1596.92
1579.47
1556.81
1540.87
1490.72
1453.78
1421.03
1348.30
1321.87
1317.84
1317.74
1281.88
1265.99
1250.45
1209.63
1231.92
1222.71
1229.42
1211.08
1212.13
1193.77
1183.25
1172.61
1167.30
1170.33
1201.02
1204.81
1187.46
1187.30
1176.57
1172.65
1178.94
1125.81
1134.14
1145.52
1102.95
1080.61
1071.71
1026.64
1042.21
1046.08
1044.58
972.05
974.01
936.54
1038.45
1050.05
1120.65
1055.36
1037.24
976.73
1099.69
1180.16
1251.33
1240.16
1232.16
1221.78
1176.62
1116.32
1189.36
1150.35
1223.23
1273.21
1267.47
1254.29
1277.43
1250.71
1224.68
1180.04
1180.72
1163.78
1144.27
1170.41
1172.71
1117.27
1114.80
1079.28
1048.69
1054.76
1049.21
1026.12
1007.65
1006.21
991.74
998.88
1003.52
988.90
995.63
1064.70
1062.32
1040.14
1028.40
1043.52
1031.33
1011.46
990.00
970.94
920.96
920.15
922.07
919.81
918.36
902.39
891.92
910.68
925.50
922.21
895.55
898.17
888.34
909.37
830.95
821.78
818.14
825.14
803.74
775.18
908.12
902.44
913.24
908.17
903.49
1014.24
1156.73
1044.40
1021.60
998.62
963.66
960.63
972.53
975.13
934.83
908.35
896.90
899.65
922.18
864.89
834.18
800.64
792.25
790.69
791.01
785.17
778.96
780.07
780.00
