23.36
22.71
22.34
21.77
22.95
22.76
24.45
23.40
25.61
22.15
22.51
23.22
21.19
20.85
24.01
25.25
23.26
23.42
21.53
21.37
21.80
21.10
22.25
22.72
22.05
20.66
21.19
22.72
21.93
22.62
19.66
21.45
22.56
28.34
28.66
19.90
18.23
19.14
18.11
17.62
17.21
17.23
19.00
17.98
18.16
17.97
18.79
19.65
20.78
20.64
19.54
24.16
24.05
21.78
21.04
20.72
20.62
20.36
22.13
23.29
23.36
22.42
21.50
21.54
19.15
22.24
23.68
23.92
24.71
19.89
18.79
18.94
19.47
21.85
20.02
19.04
20.11
21.78
22.42
20.38
20.84
20.20
19.91
21.72
24.02
24.09
20.76
20.18
19.94
15.04
18.39
20.33
18.21
20.82
21.81
22.84
25.12
25.16
26.08
24.67
28.68
29.29
34.93
32.22
29.05
26.25
26.55
25.64
23.54
15.77
16.23
13.73
12.18
12.94
13.34
13.49
14.05
17.41
14.06
14.37
12.94
14.35
15.06
13.93
13.41
14.00
15.16
14.10
12.21
12.38
10.85
12.01
10.83
10.30
10.10
10.22
9.64
10.51
10.95
8.87
7.70
8.71
8.24
8.12
7.30
6.15
4.68
4.79
4.45
4.24
4.32
4.66
4.69
5.01
4.17
4.47
6.51
7.14
5.76
6.24
6.24
6.44
6.13
5.88
5.97
6.37
6.94
6.36
6.26
6.26
6.90
7.36
6.73
5.94
6.11
6.28
5.50
5.22
5.22
4.89
5.15
4.70
5.63
5.81
6.58
6.96
6.95
7.72
6.90
6.91
7.60
5.37
6.99
6.98
5.64
4.16
4.03
3.83
2.98
3.17
3.05
3.20
3.88
3.78
2.96
3.70
3.60
2.71
2.16
1.70
1.63
1.73
1.96
1.80
1.76
1.93
1.95
1.98
2.13
1.60
1.59
1.33
1.54
1.66
1.86
1.96
1.94
1.91
1.59
1.45
1.55
1.25
1.30
1.75
1.54
1.59
1.86
2.12
1.10
1.07
0.863536
0.816957
0.677022
0.617981
0.591326
0.495803
0.417048
0.361723
0.382821
0.383257
0.365106
0.296482
0.334821
0.331227
0.381301
0.308233
0.335306
0.311277
0.343940
0.366128
0.440155
0.397561
0.374548
0.356185
0.399845
0.435697
0.325067
0.253286
0.239405
0.206871
0.209095
0.236032
0.207571
0.161208
0.171800
0.146003
0.156561
0.136783
0.190298
0.198470
0.236658
0.244673
0.215584
0.125429
0.114943
0.050729
0.050616
0.060182
0.053864
0.052591
0.052259
0.054682
0.050720
0.050266
0.046788
0.047445
0.046604
0.045312
0.045093
0.044082
0.042966
0.043398
0.047395
0.045619
0.045831
0.048941
0.045162
0.047432
0.047103
0.053130
0.054166
0.053126
0.060271
0.061780
0.065137
0.065143
0.065292
0.057294
0.055415
0.049878
0.059276
0.058600
0.062488
0.069997
0.082176
0.082777
0.074323
0.083317
0.085656
0.094562
0.081964
0.086692
0.071218
0.082390
0.071703
0.077651
0.075936
0.090283
0.073844
0.078783
0.078594
0.110741
0.122951
0.105750
0.086004
0.105911
0.121912
0.102438
0.092833
0.087548
0.083147
0.091692
0.090726
0.094267
0.098389
0.106470
0.111132
0.081779
0.075421
0.177263
0.191834
0.194681
0.194091
0.207105
0.209622
