1.50
1.22
1.08
1.17
1.18
1.11
1.10
1.31
1.41
1.02
0.860951
0.877864
0.727425
0.662887
0.848627
0.910612
0.872214
0.724450
0.671924
0.658981
0.732711
0.648819
0.660382
0.648247
0.653464
0.652820
0.676248
0.621620
0.617652
0.636014
0.559777
0.613020
0.631959
0.632371
0.577240
0.550648
0.537195
0.502479
0.504457
0.511911
0.488002
0.537184
0.542637
0.625800
0.610343
0.639848
0.597438
0.548409
0.548895
0.475278
0.416155
0.442046
0.422335
0.479745
0.500725
0.527157
0.526221
0.520218
0.484794
0.510959
0.517797
0.547143
0.621511
0.608258
0.633078
0.586651
0.608185
0.640545
0.679649
0.689370
0.750968
0.704557
0.724053
0.800924
0.813607
0.905111
1.01
0.963962
0.968842
0.890889
0.950298
0.831559
0.703065
0.806712
0.757187
0.932609
1.38
1.42
1.10
0.797994
0.879115
0.903613
0.749716
0.624502
0.652092
0.622886
0.712358
0.669271
0.633992
0.603094
0.778728
0.755163
0.886165
0.815860
0.712819
0.714141
0.751255
0.731711
0.722296
0.729821
0.726604
0.707249
0.709873
0.754122
0.793833
0.752113
0.792081
0.833387
0.809193
0.862138
0.689049
0.606155
0.575286
0.582702
0.506645
0.527435
0.520132
0.556208
0.485087
0.497729
0.461662
0.464103
0.453781
0.451504
0.413178
0.411825
0.443938
0.422664
0.445259
0.446103
0.435623
0.505990
0.526508
0.557690
0.515819
0.512937
0.464523
0.600666
0.519383
0.364423
0.377594
0.459664
0.497044
0.566662
0.465974
0.481372
0.666522
0.725592
0.660482
0.779972
0.755212
0.695995
0.562828
0.548635
0.500319
0.527100
0.555479
0.548369
0.482099
0.460111
0.539582
0.517040
0.446076
0.407983
0.393255
0.401013
0.371001
0.302639
0.296462
0.291452
0.278727
0.293711
0.311924
0.291745
0.292683
0.285721
0.315583
0.329425
0.304663
0.330468
0.327975
0.289169
0.309888
0.247518
0.241888
0.227560
0.218058
0.242627
0.236409
0.208810
0.257143
0.250962
0.304806
0.293029
0.259133
0.240559
0.200384
0.186987
0.160370
0.147474
0.132878
0.139543
0.143628
0.140244
0.130319
0.136257
0.144005
0.125622
0.126560
0.119477
0.126172
0.117416
0.119960
0.124973
0.114024
0.106212
0.115001
0.112867
0.103219
0.102275
0.095900
0.101397
0.089926
0.097519
0.107913
0.109435
0.115011
0.122495
0.144089
0.101771
0.110725
0.107712
0.111650
0.095072
0.088179
0.078689
0.069948
0.070502
0.063906
0.072235
0.050120
0.041974
0.038408
0.024157
0.034175
0.035036
0.010996
0.030535
0.042521
