644.91
522.29
440.36
472.79
457.34
434.99
426.37
462.60
470.29
466.05
463.70
466.85
445.21
431.21
473.28
480.52
471.53
465.97
475.68
412.50
381.44
360.31
367.44
354.09
347.40
331.98
330.17
333.44
337.96
316.76
307.02
314.69
298.59
320.67
308.64
294.27
298.57
296.43
300.04
305.48
288.50
290.73
305.76
307.38
304.78
296.38
297.92
296.51
298.02
298.44
287.12
295.10
300.55
303.57
308.05
314.54
316.94
333.48
336.71
339.53
338.85
304.08
303.50
301.18
297.60
308.67
311.06
308.89
295.15
292.77
292.75
297.48
302.48
301.55
291.48
299.12
306.47
287.02
292.35
282.22
286.21
264.60
258.11
283.26
282.01
293.66
252.23
245.85
250.87
215.22
276.59
291.12
294.63
289.75
294.06
296.17
329.64
333.52
313.80
297.57
347.13
350.23
387.82
383.47
378.44
369.47
347.96
350.04
334.36
331.99
326.11
317.45
315.27
321.06
300.48
296.64
296.18
301.70
302.81
289.82
299.95
298.03
310.37
308.71
294.50
296.96
297.63
269.10
261.24
256.42
222.85
225.31
220.18
227.01
204.69
197.41
206.74
193.34
204.32
204.86
207.09
224.37
226.28
229.12
217.86
226.06
205.42
234.94
195.03
159.99
169.57
199.71
209.53
231.81
197.15
211.53
243.01
251.82
245.89
270.35
268.86
273.10
282.19
288.41
275.12
293.35
303.15
328.37
293.04
272.69
302.95
323.47
341.63
336.49
337.73
359.54
370.33
371.86
379.52
369.88
361.18
358.51
397.59
395.69
341.16
338.79
282.01
261.75
257.99
264.26
248.60
245.26
224.12
223.46
222.29
230.89
231.58
195.61
170.13
158.82
159.82
175.22
189.85
182.65
170.82
158.17
127.54
129.22
97.05
89.84
89.25
92.39
90.78
90.87
88.69
89.43
89.77
91.15
91.23
93.75
97.87
94.91
96.73
79.72
77.25
76.65
79.32
68.54
71.39
62.23
52.81
49.91
50.07
48.87
48.59
48.18
49.64
48.13
50.73
48.32
48.66
49.04
47.65
49.97
46.31
43.46
43.50
43.28
44.28
41.80
42.87
45.22
44.66
43.92
48.82
50.74
50.03
51.75
53.12
50.57
49.71
51.31
50.77
53.58
43.64
42.57
43.12
43.51
44.83
35.53
46.87
45.93
35.36
28.65
28.57
23.50
21.46
19.37
17.74
16.64
18.88
19.58
19.28
18.50
19.52
19.04
17.36
15.85
15.45
14.51
13.52
13.06
13.13
12.60
12.69
12.34
12.77
12.82
12.71
12.90
12.92
13.04
11.29
11.38
11.35
11.29
11.04
11.44
11.54
11.43
11.35
11.44
11.13
10.81
10.74
10.74
10.56
10.49
10.56
10.54
10.58
10.57
10.62
10.73
10.71
10.91
10.60
10.39
10.24
10.30
9.64
9.88
9.83
9.79
9.83
9.72
10.54
10.37
10.31
9.87
10.24
10.29
11.29
9.71
8.37
8.17
7.98
8.15
8.29
7.54
7.15
7.28
7.13
7.26
7.15
7.58
7.90
7.66
7.63
7.87
7.86
7.86
7.86
8.24
8.45
