4.72
4.26
4.14
4.66
5.05
4.14
4.47
3.81
2.80
1.89
1.44
1.42
1.31
1.27
1.48
1.04
0.844828
0.804621
0.787730
0.793492
0.897425
0.889204
0.965610
0.862672
0.816643
0.791203
0.830897
0.792688
0.610165
0.586061
0.594010
0.626080
0.501986
0.529091
0.475964
0.384301
0.371509
0.351011
0.367915
0.391327
0.362970
0.370966
0.390863
0.407912
0.403103
0.395947
0.424433
0.416744
0.443666
0.455356
0.389144
0.391371
0.390836
0.403854
0.432863
0.457196
0.474621
0.452052
0.439699
0.458649
0.441808
0.412854
0.481734
0.477029
0.466453
0.500356
0.534649
0.504488
0.543216
0.547394
0.560853
0.577182
0.618180
0.621750
0.584318
0.595143
0.549661
0.514224
0.556670
0.524449
0.540538
0.507613
0.499185
0.567586
0.559849
0.608275
0.496796
0.484758
0.479385
0.445700
0.565841
0.592512
0.561696
0.498380
0.561304
0.525939
0.648249
0.739668
0.613529
0.544132
0.744257
0.698855
0.796560
0.842867
0.869553
0.812777
0.876892
0.922464
0.962058
0.915926
0.894733
0.854043
0.842517
0.901778
0.907423
0.971222
0.871580
1.01
1.04
0.914727
0.977320
0.811738
0.722169
0.655191
0.565525
0.535805
0.547121
0.473874
0.430804
0.407690
0.393176
0.332239
0.286578
0.290135
0.256665
0.255064
0.277339
0.266567
0.274876
0.276850
0.250571
0.266827
0.265136
0.273693
0.263390
0.294760
0.233503
0.268162
0.264569
0.180717
0.157961
0.175237
0.212999
0.229099
0.191125
0.214742
0.304476
0.297377
0.286164
0.355803
0.380253
0.396273
0.374900
0.379055
0.391880
0.402295
0.417167
0.375767
0.399874
0.411989
0.470192
0.514185
0.482769
0.417769
0.413371
0.419439
0.414299
0.405456
0.420597
0.426762
0.353285
0.528284
0.592347
0.638503
