3.70
3.31
2.86
3.20
3.40
3.38
2.89
3.35
3.32
2.86
2.78
2.73
2.58
2.48
3.14
3.17
2.92
2.63
2.45
2.51
2.44
2.39
2.44
2.34
2.31
2.14
2.31
2.37
2.17
2.05
1.88
2.10
2.22
2.72
2.80
2.77
2.62
2.55
2.36
2.42
2.39
2.09
2.25
2.29
2.14
1.96
1.82
1.84
1.89
1.84
1.67
1.80
1.67
1.72
1.95
1.93
1.71
1.70
1.78
1.74
1.81
1.80
1.86
1.71
1.72
1.76
2.00
1.86
1.96
1.95
2.05
2.20
2.37
2.24
2.09
2.11
2.07
1.97
2.01
1.79
1.89
1.63
1.56
1.88
1.90
2.15
1.87
1.81
1.69
1.46
1.74
1.93
2.05
2.27
2.48
2.88
3.51
3.31
3.19
2.34
3.02
2.05
1.45
1.50
1.52
1.65
1.66
1.39
1.36
1.31
1.34
1.26
1.26
1.30
1.35
1.31
1.31
1.45
1.33
1.28
1.36
1.48
1.87
1.15
1.06
1.12
1.05
1.05
1.05
1.07
0.983837
0.976347
0.930911
0.954936
0.896676
0.904723
0.952275
0.973246
0.905770
0.937118
0.943429
1.18
1.27
1.30
1.33
1.39
1.07
1.03
0.959819
0.713356
0.730720
0.840707
0.995360
1.02
0.819153
0.934232
1.36
1.47
1.40
1.56
1.74
1.84
1.65
1.60
1.49
1.69
1.81
1.82
1.89
1.80
1.96
2.03
2.07
1.84
1.89
2.11
2.32
2.24
1.97
1.81
1.54
1.44
1.55
1.43
1.59
1.58
1.37
1.24
1.16
1.15
1.19
1.04
1.23
0.934859
0.555521
0.501217
0.456968
0.469705
0.478737
0.423657
0.481484
0.460185
0.503327
0.495591
0.516574
0.564340
0.470425
0.436000
0.386537
0.348536
0.312792
0.274259
0.285475
0.269423
0.254116
0.265165
0.261038
0.260717
0.283319
0.300209
0.295219
0.298602
0.305109
0.252586
0.234495
0.216552
0.194031
0.191686
0.163027
0.163423
0.157820
0.161917
0.165097
0.164504
0.166640
0.166103
0.169125
0.180514
0.181808
0.175175
0.162440
0.152126
0.138040
0.138968
0.153833
0.158069
0.162505
0.169845
0.167898
0.172669
0.165742
0.192630
0.179991
0.182077
0.177514
0.186261
0.172228
0.157272
0.151283
0.186835
0.137595
0.107190
0.091869
0.086716
0.093056
0.088686
0.089971
0.088461
0.080891
0.085867
0.099098
0.097746
0.061530
0.009311
0.037067
0.085770
0.082496
0.078313
0.085091
0.081650
0.086988
0.101210
0.091129
0.087997
0.087817
0.096849
0.097271
0.096983
0.105184
0.104828
0.109149
0.110506
0.113204
0.104506
0.103817
0.116231
0.118928
0.115388
0.111381
0.119529
0.118938
0.120372
0.125567
0.116774
0.115760
0.109282
0.120496
0.141617
0.149208
0.160024
0.111102
0.115808
