315.36
212.46
148.26
155.63
127.48
98.33
99.98
102.48
104.28
101.40
100.19
98.94
88.00
86.25
96.01
91.72
85.89
88.94
77.91
73.14
71.98
70.18
72.20
71.41
69.51
67.41
70.45
63.81
62.78
61.64
59.18
62.31
59.35
64.44
62.49
61.11
54.99
54.76
55.03
56.22
54.58
53.56
55.74
56.37
56.84
54.67
55.38
55.67
56.47
55.95
54.96
56.77
58.27
60.30
59.81
60.82
59.59
64.67
65.72
64.13
59.41
60.55
50.89
50.75
50.15
53.08
52.49
52.14
51.64
51.40
52.28
53.39
54.55
55.14
52.63
54.11
56.21
51.58
51.69
47.62
49.25
48.16
46.65
51.66
52.74
55.68
48.53
48.23
48.13
41.69
61.64
64.32
66.24
61.65
65.80
67.21
78.45
79.88
71.78
65.25
76.73
78.98
85.83
70.86
64.16
63.16
62.39
61.36
51.80
51.17
50.17
52.82
46.71
47.90
46.19
45.38
47.05
43.90
44.18
43.37
45.81
45.83
46.57
47.05
46.40
48.05
48.59
45.90
45.17
46.84
43.49
42.89
42.19
43.07
43.02
40.34
41.18
40.56
42.22
42.35
42.29
44.48
44.16
46.63
45.77
45.07
40.96
44.35
42.62
41.19
38.92
42.81
46.36
48.72
45.26
46.27
49.91
52.36
46.64
51.10
53.20
55.27
46.56
41.48
38.95
40.40
41.04
42.83
40.82
41.13
44.04
44.49
47.25
47.75
47.72
47.30
50.41
46.16
47.44
36.18
30.28
30.22
30.74
29.49
33.23
30.50
29.68
30.19
28.38
30.57
30.84
28.09
27.65
29.04
28.90
25.34
24.29
25.32
24.32
24.01
23.40
30.33
34.47
32.12
25.30
26.14
27.48
27.68
28.29
25.17
23.24
25.34
28.89
29.09
27.22
30.93
32.66
33.30
28.96
30.37
28.20
26.47
23.47
21.04
15.88
15.92
15.71
15.70
14.40
14.59
14.84
15.21
14.98
13.96
13.07
11.18
10.29
9.63
10.31
10.42
10.60
10.75
10.34
10.13
10.76
8.83
8.91
8.72
9.89
9.34
10.22
11.12
8.25
8.12
7.74
6.86
6.65
7.02
4.18
4.14
4.07
4.07
4.07
4.07
3.97
3.93
3.99
4.04
3.95
3.96
4.04
4.23
4.15
4.05
4.17
3.85
3.79
3.76
3.83
3.77
3.81
3.89
3.87
3.86
3.91
3.92
3.80
3.77
3.80
3.81
3.82
3.85
3.83
3.80
3.79
3.76
3.77
3.79
3.83
3.78
3.80
3.77
3.72
3.77
3.80
3.78
3.80
4.03
4.05
4.05
4.06
4.07
4.08
4.08
4.08
4.08
4.02
3.86
3.85
3.85
3.84
3.71
3.79
3.84
3.86
3.90
3.89
3.86
3.84
3.94
3.91
3.92
3.89
3.89
3.95
3.84
4.60
4.30
4.00
3.96
3.86
4.30
4.91
4.63
4.66
4.52
4.33
4.39
4.56
4.58
4.49
4.37
4.35
4.56
4.65
3.72
3.67
3.66
3.66
3.68
3.70
3.63
3.63
3.61
3.66
