0.372689
0.252258
0.236574
0.245548
0.252162
0.223636
0.232623
0.245416
0.253598
0.252919
0.255530
0.255656
0.250352
0.246433
0.297867
0.254037
0.248305
0.252914
0.244178
0.242851
0.238991
0.232642
0.237978
0.231336
0.228140
0.226547
0.224768
0.212655
0.208937
0.203679
0.197472
0.210214
0.205948
0.218256
0.217911
0.210675
0.205103
0.201967
0.203274
0.208083
0.206205
0.194596
0.200247
0.202405
0.203076
0.201358
0.202592
0.203668
0.204444
0.207113
0.195567
0.203504
0.210958
0.210189
0.215086
0.218229
0.231216
0.256098
0.263386
0.257537
0.261150
0.248285
0.265046
0.260658
0.252825
0.278758
0.238312
0.233963
0.237726
0.215583
0.203218
0.203209
0.206077
0.197622
0.193824
0.196105
0.202532
0.185297
0.181968
0.175519
0.178175
0.173371
0.171567
0.180981
0.183710
0.189819
0.178309
0.178377
0.181925
0.165035
0.200427
0.209630
0.214860
0.212513
0.209606
0.211293
0.223615
0.226382
0.214951
0.205110
0.228781
0.227229
0.249348
0.255803
0.227558
0.218871
0.224026
0.203425
0.212617
0.218256
0.217200
0.252371
0.240987
0.194971
0.158410
0.154569
0.159553
0.157117
0.160787
0.161238
0.169790
0.168376
0.173545
0.179221
0.180175
0.183168
0.192527
0.179602
0.179716
0.185398
0.173865
0.174555
0.173218
0.177531
0.168024
0.165050
0.169494
0.165218
0.173211
0.175210
0.177582
0.192280
0.194979
0.193568
0.182168
0.189430
0.170017
0.188498
0.179668
0.150146
0.169480
0.190976
0.200819
0.205873
0.184198
0.196415
0.234067
0.236884
0.239741
0.254858
0.256374
0.255125
0.259841
0.258977
0.254512
0.262855
0.266060
0.280565
0.275391
0.277288
0.298770
0.310816
0.319188
0.297718
0.299886
0.324623
0.292194
0.283977
0.268085
0.262358
0.259473
0.278196
0.265823
0.253823
0.273075
0.259445
0.285806
0.289695
0.280902
0.284677
0.294028
0.299862
0.298386
0.300460
0.333645
0.243946
0.205360
0.232191
0.227189
0.212887
0.272697
0.245083
0.291834
0.325054
0.313347
0.338403
0.353164
0.328631
0.363505
0.394931
0.355124
0.269824
0.220069
0.215179
0.206697
0.182760
0.185035
0.158471
0.199198
0.141620
0.101929
0.093429
0.080229
0.061062
0.053905
0.054646
0.051580
0.052807
0.044558
0.034843
0.032827
0.032390
0.031409
0.031236
0.031878
0.033122
0.029727
0.030259
0.033181
0.033638
0.033400
0.033880
0.033528
0.034262
0.034459
0.033002
0.033677
0.034123
0.035799
0.036355
0.032740
0.035672
0.037386
0.033032
0.060291
0.021938
0.021743
0.013049
0.010125
0.009526
0.009568
0.009482
0.009159
0.010502
0.010528
0.007284
0.006908
0.006996
0.006915
0.006736
0.006137
0.006406
0.006319
0.006370
0.006346
0.006271
0.006214
0.006229
0.006503
0.006485
0.006551
0.006057
0.006129
0.006290
0.006354
0.005988
0.005419
0.005525
0.005608
0.005665
0.005664
0.005700
0.005883
0.005856
0.005849
0.005871
0.005879
0.005589
0.005949
0.005939
0.006138
0.006279
0.006240
0.006267
0.006328
0.006290
0.006367
0.006433
0.006407
0.006437
0.006439
0.006494
0.006487
0.006466
0.006540
0.006311
0.006390
0.006402
0.006356
0.006409
0.006685
0.006511
0.006527
0.006708
0.006718
0.006706
0.006694
0.007032
0.006713
0.006790
0.006772
0.006747
0.006867
0.006610
0.006434
0.006417
0.006708
0.006157
0.006239
0.006383
0.006351
0.006197
0.006572
0.006385
0.006290
0.006386
0.006523
0.006417
0.006352
0.006180
0.006193
0.006326
0.006443
0.006350
0.006275
0.006362
0.006452
0.006498
0.006540
0.006582
0.006541
0.006704
0.006662
0.006699
0.006704
