1.86
1.72
1.68
1.67
1.90
2.14
1.29
1.45
1.43
1.22
1.20
1.09
1.00
0.958366
1.16
1.18
1.10
1.04
0.944530
0.955235
0.997885
0.887593
0.906709
0.909170
0.916248
0.898064
0.925367
0.956527
0.940384
0.922614
0.837323
0.931650
0.883401
0.974021
0.940783
0.862364
0.857132
0.883579
0.907709
0.938682
0.865200
0.884517
0.941229
0.961082
0.966413
0.945126
0.991652
0.974958
0.998002
0.994744
0.930480
0.974869
0.972041
0.999598
1.09
1.07
1.06
1.05
1.07
1.07
1.03
1.04
1.10
1.03
1.07
1.12
1.22
1.21
1.17
1.18
1.22
1.32
1.39
1.46
1.64
1.44
1.22
1.08
1.11
1.07
1.08
1.01
0.996603
1.12
1.10
1.22
1.09
1.12
1.17
0.990817
1.25
1.22
1.23
1.32
1.40
1.37
1.56
1.55
1.33
1.19
1.39
1.36
1.59
1.56
1.44
1.42
1.46
1.43
1.52
1.38
1.28
1.23
1.21
1.19
1.41
1.06
1.05
1.12
1.18
1.13
1.21
1.24
1.36
1.15
1.21
1.31
1.36
1.31
1.36
1.35
1.28
1.27
1.24
1.26
1.20
1.20
1.30
1.23
1.35
1.22
1.30
1.54
1.60
1.77
1.41
1.37
1.14
1.26
1.13
0.887467
0.954066
1.07
1.16
1.36
1.13
1.24
1.54
1.70
1.52
1.86
1.80
1.87
1.63
1.64
1.60
1.66
1.75
1.92
1.81
1.80
1.89
2.05
2.17
2.01
1.98
2.04
2.12
2.00
2.04
2.09
2.03
1.98
2.37
2.08
2.46
2.22
2.50
2.36
2.14
2.61
1.72
1.28
1.29
1.32
1.00
0.950098
0.929234
0.970721
0.952227
0.815165
0.961441
1.08
1.22
1.24
1.14
1.31
1.19
1.06
0.947874
0.845277
0.795976
0.866746
0.752038
0.728880
0.739904
0.764269
0.850274
0.758253
1.03
0.523659
0.401269
0.327579
0.291314
0.279150
0.271850
0.271108
0.277977
0.291556
0.260646
0.242942
0.236646
0.224388
0.230791
0.229165
0.223206
0.233358
0.222216
0.242197
0.236588
0.246568
0.217980
0.198432
0.162408
0.159473
0.163581
0.155707
0.155222
0.154621
0.161858
0.149244
0.164673
0.165463
0.166784
0.173445
0.164939
0.176401
0.172285
0.163471
0.159222
0.170317
0.156463
0.169820
0.181432
0.149101
0.159121
0.169073
0.162071
0.192331
0.199242
0.177156
0.128833
0.095127
0.079437
0.083921
0.086455
0.071750
0.072461
0.072658
0.081153
0.080702
0.091343
0.096629
0.099144
0.095263
0.092789
0.093624
0.097908
0.105636
0.113858
0.108872
0.115291
0.108099
0.116719
0.111226
0.100390
0.116968
0.119260
0.121091
0.133153
0.136599
0.133755
0.134539
0.136509
0.142585
0.146326
0.145576
0.145219
0.151669
0.155410
0.163324
0.160469
0.165241
0.163527
0.165965
0.164834
0.163073
0.166604
0.162822
0.168412
0.152190
0.147751
0.145470
0.147322
0.157276
0.161233
0.165562
0.160976
0.159232
0.163318
0.167852
0.179812
0.139280
0.137148
0.136439
0.138201
0.131425
0.149843
0.147053
0.152512
0.154055
0.156605
0.159777
0.176546
0.156258
0.155622
0.161238
0.170221
0.164443
0.165689
0.156519
0.152588
0.151803
0.135261
0.135754
0.141612
0.133708
0.135553
0.136921
0.152357
0.169833
0.163467
0.170749
0.181120
0.170431
0.152916
