1.08
1.02
1.01
1.02
1.02
1.04
1.01
0.999760
1.00
1.00
1.00
1.01
1.01
1.00
1.00
1.00
1.01
1.00
1.00
1.00
0.998658
0.997427
1.00
1.00
1.00
1.00
0.995758
1.01
1.00
1.01
1.00
1.01
1.01
1.01
1.01
1.00
0.999882
1.00
1.00
1.00
0.999063
0.999853
1.00
0.998327
1.00
1.00
0.999838
0.999916
1.00
1.00
0.994611
1.00
0.999920
1.00
1.00
1.00
0.998946
0.998252
0.998000
1.00
1.00
1.00
0.999843
0.997962
1.00
0.998897
0.998110
0.999588
1.00
1.00
1.00
1.00
0.998088
0.997266
1.00
0.998357
1.00
1.00
1.00
1.00
1.00
1.00
1.01
0.997446
1.00
1.00
1.00
1.01
1.00
1.00
1.00
1.00
1.00
1.00
1.00
1.01
1.00
1.00
1.01
1.03
1.00
1.01
1.00
1.00
1.00
1.00
1.00
1.00
1.00
1.00
1.00
0.999332
1.00
1.00
0.999538
0.997167
1.01
1.01
1.00
0.998963
1.00
0.995682
1.00
1.00
0.996635
0.998799
0.999236
0.994220
0.999468
1.00
1.00
0.968452
1.00
0.996581
1.00
1.00
0.996776
0.999755
0.996060
0.998839
0.998645
0.994284
0.999919
0.994773
0.999612
0.998636
0.990980
1.00
0.995021
0.988208
1.00
1.00
1.00
0.999669
1.01
1.02
1.01
0.999601
1.01
1.00
0.995936
1.00
0.999601
1.01
1.02
1.01
1.02
1.01
1.01
1.01
1.01
1.02
1.01
0.972496
0.981174
0.975087
0.986156
1.00
0.988674
1.02
1.01
1.03
1.01
1.03
1.01
1.02
0.999158
1.00
1.02
1.00
1.02
1.01
1.02
1.03
1.03
1.04
1.01
1.02
1.04
1.02
1.05
1.02
1.02
1.01
1.01
1.00
0.992749
0.998833
0.967244
0.961148
0.952963
0.970698
0.980577
0.972775
0.981353
0.975099
0.979820
0.970483
0.967255
0.968962
0.968638
0.955667
0.945975
0.933356
0.932612
0.935857
0.936855
0.937189
0.934557
0.924343
0.921049
0.913539
0.917876
0.921308
0.940741
0.984000
0.998269
0.999525
0.999617
0.999294
0.999435
0.999939
0.999031
0.999618
0.999558
0.999842
0.999934
0.999960
0.999714
0.999874
0.999937
1.00
1.00
0.999771
1.00
0.999582
1.00
0.999985
0.999948
1.00
1.00
1.00
0.999915
0.999898
1.00
1.00
1.00
1.00
1.00
1.00
1.00
1.00
1.00
1.00
1.00
1.00
1.00
0.999991
0.999905
1.00
1.00
1.00
1.00
1.00
1.00
1.00
0.999999
0.999972
1.00
1.00
1.00
0.999998
0.999997
0.999971
0.999771
0.999997
0.999897
1.00
1.00
1.00
1.00
1.00
1.00
0.999999
0.999999
0.999999
0.999999
0.999999
0.999999
0.999998
0.999999
0.999999
0.999998
0.999994
0.999999
0.999997
1.00
1.00
1.00
1.00
1.00
1.00
1.00
1.00
1.00
1.00
1.00
1.00
1.00
1.00
1.00
1.00
1.00
1.00
1.00
1.00
1.00
1.00
1.00
1.00
1.00
1.00
1.00
1.00
1.00
1.00
1.00
1.00
1.00
1.00
1.00
1.00
1.00
1.00
1.00
1.00
1.00
1.00
1.00
1.00
1.00
1.00
1.00
1.00
1.00
