0.009203
0.008905
0.008212
0.008712
0.008916
0.008677
0.007868
0.007618
0.007919
0.006855
0.006136
0.006202
0.005513
0.005435
0.006324
0.006620
0.006899
0.005764
0.005347
0.005378
0.005754
0.006000
0.005764
0.006120
0.006083
0.006083
0.006360
0.006638
0.006215
0.006143
0.005402
0.006228
0.006444
0.007485
0.007911
0.007399
0.007876
0.008517
0.007701
0.007110
0.005906
0.006201
0.007036
0.005599
0.005174
0.005268
0.005360
0.005181
0.005282
0.005794
0.004628
0.004673
0.004807
0.004449
0.004907
0.005033
0.004873
0.005154
0.005463
0.005040
0.005252
0.005128
0.005652
0.005538
0.005651
0.005287
0.006429
0.006638
0.006261
0.006354
0.006770
0.007188
0.007120
0.006952
0.006800
0.006458
0.006394
0.006259
0.006019
0.005802
0.005568
0.005339
0.005504
0.006320
0.006339
0.006525
0.005912
0.005905
0.005267
0.004673
0.006358
0.007018
0.007585
0.007948
0.006886
0.006840
0.007368
0.007761
0.006720
0.005856
0.005726
0.004934
0.005317
0.006396
0.005125
0.003537
0.003599
0.003088
0.002475
0.002271
0.002338
0.002278
0.002084
0.002042
0.002110
0.002073
0.002054
0.002482
0.002502
0.002658
0.001947
0.002356
0.002824
0.002374
0.002596
0.003143
0.003316
0.003358
0.003350
0.003386
0.003055
0.002982
0.002974
0.003056
0.003034
0.002933
0.002963
0.002837
0.002955
0.002853
0.002918
0.003447
0.003382
0.003453
0.003041
0.003285
0.002549
0.002763
0.002423
0.001999
0.002123
0.002351
0.002645
0.002838
0.002445
0.002693
0.003658
0.003900
0.003428
0.004703
0.003798
0.003367
0.003323
0.002938
0.002792
0.002796
0.002963
0.003012
0.002906
0.003045
0.003274
0.003412
0.003955
0.003023
0.002974
0.003125
0.003100
0.003448
0.003698
0.003872
0.003427
0.003489
0.004603
0.003196
0.003866
0.003875
0.005116
0.004849
0.005192
0.006506
0.005394
0.004505
0.002839
0.001584
0.001152
0.000868
0.000745
0.000889
0.000933
0.000839
0.001051
0.001121
0.001460
0.001175
0.000948
0.000957
0.000368
0.000392
0.000245
0.000163
0.000139
0.000140
0.000161
0.000125
0.000136
0.000146
0.000106
0.000088
0.000102
0.000080
0.000080
0.000078
0.000077
0.000075
0.000087
0.000072
0.000081
0.000079
0.000092
0.000079
0.000089
0.000089
0.000099
0.000097
0.000086
0.000074
0.000087
0.000109
0.000097
0.000108
0.000130
0.000115
0.000081
0.000047
0.000060
0.000060
0.000047
0.000047
0.000047
0.000047
0.000059
0.000045
0.000045
0.000046
0.000044
0.000054
0.000043
0.000041
0.000050
0.000031
0.000031
0.000029
0.000029
0.000019
0.000031
0.000031
0.000012
0.000021
0.000021
0.000025
0.000022
0.000027
0.000028
0.000025
0.000024
0.000031
0.000024
0.000015
0.000024
0.000013
0.000024
0.000025
0.000025
0.000013
0.000026
0.000013
0.000025
0.000012
0.000024
0.000023
0.000024
0.000024
0.000025
0.000022
0.000022
0.000022
0.000022
0.000022
0.000025
0.000022
0.000021
0.000022
0.000020
0.000020
0.000022
0.000029
0.000020
0.000021
0.000022
0.000021
0.000021
0.000021
0.000031
0.000030
0.000020
0.000029
0.000027
0.000019
0.000019
0.000019
0.000027
0.000018
0.000025
0.000028
0.000019
0.000018
0.000018
0.000018
0.000018
0.000019
0.000017
0.000017
0.000016
0.000016
0.000016
0.000016
0.000018
0.000018
0.000018
0.000018
0.000022
0.000020
0.000023
0.000021
0.000021
0.000022
0.000019
0.000019
0.000019
0.000020
0.000019
0.000019
0.000021
0.000018
0.000018
0.000018
0.000017
0.000016
0.000016
0.000016
0.000024
0.000016
0.000023
0.000023
0.000017
